combos.py sha256 e9e35be49651fc311dd8471628e5d0d4677a0b683950a819047fda4eb557b8af
events 3278; FA rows matched 3278; cutoff equal 1.0000; three_day TA vs FA max abs diff 9.04e-05
check pe_vs_own3y = pe/median-1: max abs diff 2.27e-13; pe_vs_peers: 4.55e-13
permutations done: 20000
null 95th percentile of max|z| over 40 tests: 3.21
placebo rows 120238; with next FA row 115909; price ratio known 1.0000; median |ratio-1| 0.058

Baselines: all F&O results three_day +0.042 (n 3278), take-profit +0.047; placebo all +0.206 (n 120238)
All returns direction-adjusted (short = profit of the short), percent, gross unless 'net'.
 id       side   n   stk    avg    net     tp    up%  qT  q+    f14     l8     -b5   rand    p2  holm  maxT    bh
 1A       long  24  23.0 -1.450 -1.620 -1.086 45.833   8   3 -2.300 -1.166  -2.989 -0.162 0.233 1.000 1.000 0.838
 1B       long  38  32.0 -0.202 -0.372 -0.472 50.000  12   5  0.697 -0.618  -1.852 -0.194 0.992 1.000 1.000 0.997
 1C       long 119  67.0 -0.439 -0.609 -0.630 50.420  14   8  0.684 -0.834  -1.083 -0.233 0.663 1.000 1.000 0.860
 1D       long  62  52.0  1.673  1.503  1.277 58.065  12   8  1.535  1.779   0.651 -0.414 0.003 0.106 0.079 0.099
 1E       long 108  76.0  0.796  0.626  0.776 50.926  16  10  1.245  0.464   0.121 -0.331 0.025 0.870 0.564 0.166
 1F       long 272 134.0  0.547  0.377  0.448 53.676  20  14  0.885  0.263   0.238 -0.310 0.005 0.193 0.156 0.099
 1P       long 316 142.0  0.289  0.119  0.195 52.532  21  14  0.716 -0.064   0.020 -0.276 0.042 1.000 0.754 0.238
 1S      short 145  74.0 -0.090 -0.260 -0.325 51.034  20  10  0.385 -0.801  -0.556 -0.329 0.561 1.000 1.000 0.838
 2A       long 125  83.0  0.181  0.011  0.033 48.800  16  10  0.454  0.038  -0.277  0.180 0.997 1.000 1.000 0.997
 2B       long  32  27.0  0.281  0.111  0.094 43.750  10   7 -0.154  0.403  -1.406 -0.028 0.734 1.000 1.000 0.887
 2C       long 131  85.0 -0.216 -0.386  0.064 51.145  16   5 -0.368 -0.147  -0.675 -0.095 0.785 1.000 1.000 0.897
 2D       long 132  65.0  0.295  0.125  0.276 51.515  22  12  0.864 -0.112  -0.210  0.077 0.621 1.000 1.000 0.860
 2E       long  27  23.0 -0.208 -0.378 -0.167 40.741  15   8  3.544 -2.083  -1.904 -0.113 0.925 1.000 1.000 0.997
 2F       long 139  74.0  0.163 -0.007  0.175 56.835  22  11  0.364  0.015  -0.269 -0.163 0.457 1.000 1.000 0.838
 2P       long 453 154.0  0.108 -0.062  0.169 51.435  22  12  0.469 -0.141  -0.087 -0.019 0.565 1.000 1.000 0.838
 2S      short 531 163.0 -0.629 -0.799 -0.615 47.646  22   7 -0.728 -0.532  -0.770 -0.156 0.017 0.629 0.457 0.166
 3A       long 361 129.0  0.059 -0.111  0.181 49.584  22  10 -0.107  0.371  -0.158  0.138 0.754 1.000 1.000 0.887
 3B       long 122  82.0  0.387  0.217  0.517 53.279  22  11  0.040  1.048  -0.208  0.113 0.548 1.000 1.000 0.838
 3S      short  53  38.0 -0.023 -0.193 -0.183 64.151  19  10 -0.614  0.465  -1.199  0.106 0.855 1.000 1.000 0.950
 4A       long  83  52.0  0.737  0.567  0.901 50.602  16  10  0.095  1.709   0.107  0.268 0.390 1.000 1.000 0.838
 4S      short  21  18.0 -0.644 -0.814 -0.774 42.857  11   4 -0.858 -0.537  -2.801  0.071 0.531 1.000 1.000 0.838
 5A       long 403 119.0  0.166 -0.004  0.135 47.643  11   7  1.165 -0.173  -0.011  0.067 0.667 1.000 1.000 0.860
 5B       long 546 128.0  0.192  0.022  0.186 48.535  19  11  0.688 -0.198   0.039  0.075 0.553 1.000 1.000 0.838
 5S      short  59  40.0  0.416  0.246  0.609 54.237  10   6  5.455  0.146  -0.596 -0.013 0.528 1.000 1.000 0.838
 6A      short 148  74.0 -0.289 -0.459 -0.193 52.027  21  11 -1.071  0.375  -0.609 -0.052 0.561 1.000 1.000 0.838
 6B      short  15  13.0 -3.043 -3.213 -2.447 33.333  11   5 -3.712 -0.365  -6.337  0.108 0.022 0.796 0.493 0.166
 6P      short 152  74.0 -0.300 -0.470 -0.150 51.974  21  11 -1.106  0.407  -0.612 -0.049 0.534 1.000 1.000 0.838
 6L       long 977 171.0  0.174  0.004  0.238 49.130  21  13  0.242  0.068   0.080  0.004 0.189 1.000 0.998 0.820
 7A      short  62  46.0 -1.073 -1.243 -1.249 43.548  14   4 -0.243 -2.302  -1.968 -0.353 0.252 1.000 1.000 0.838
 7B      short  51  40.0 -1.152 -1.322 -1.274 45.098  15   5 -0.098 -2.658  -2.216 -0.264 0.205 1.000 0.999 0.820
 7P      short  80  57.0 -1.049 -1.219 -1.135 45.000  15   5 -0.439 -1.964  -1.766 -0.346 0.199 1.000 0.999 0.820
 7L       long  32  27.0 -0.832 -1.002 -0.819 50.000  10   4 -1.769  0.230  -2.566 -0.426 0.665 1.000 1.000 0.860
 8A       long   6   6.0 -4.991 -5.161 -4.991 16.667   3   0 -4.991    NaN -15.579  0.774 0.012 0.445 0.286 0.156
 8B       long  67  48.0 -0.388 -0.558 -0.464 43.284  19  10 -0.444 -0.103  -1.146  0.123 0.410 1.000 1.000 0.838
 8C       long  17  16.0  0.875  0.705  1.175 47.059   9   4  0.349  2.585  -2.177  0.426 0.727 1.000 1.000 0.887
 9A       long 690 169.0  0.370  0.200  0.415 52.029  22  14  0.403  0.323   0.240  0.225 0.389 1.000 1.000 0.838
 9B      short 113  72.0 -0.272 -0.442 -0.256 45.133  20  10 -1.003  0.396  -0.856  0.215 0.315 1.000 1.000 0.838
 9C       long 430 144.0  0.468  0.298  0.503 53.256  22  11  0.361  0.610   0.298  0.222 0.280 1.000 1.000 0.838
 9D      short  47  34.0  0.005 -0.165  0.029 46.809  20   9 -0.321  0.376  -1.235 -0.028 0.967 1.000 1.000 0.997
9SP long-short 803   NaN  0.098    NaN    NaN    NaN  20   9 -0.599  0.719     NaN    NaN 0.516 1.000 1.000 0.838

 id  plR_n    plR   plU_n    plU   r-pR      z   hedg   hnet  h_p2  tp_p2  lag  noLag  FAonly  TAonly  crit          verdict
 1A   1125  0.149  3631.0  0.625 -1.598 -1.378 -1.737 -1.927 0.095  0.331 10.0 -2.324   0.117   0.553     0 too few to judge
 1B   1275  0.205  5559.0  0.510 -0.408 -0.364 -0.327 -0.517 0.739  0.755  4.0 -0.333   0.117   0.481     1          nothing
 1C   4077  0.143 16123.0  0.303 -0.582 -0.941 -0.364 -0.554 0.519  0.358 15.0 -0.787   0.117   0.219     1          nothing
 1D   1851  0.702  3631.0  0.625  0.971  1.794  1.472  1.282 0.011  0.009 20.0  0.952   0.106   0.553     6 unconfirmed hint
 1E   3052  0.575  5559.0  0.510  0.221  0.395  0.765  0.575 0.079  0.022 11.0  0.527   0.106   0.481     6 unconfirmed hint
 1F   8659  0.356 16123.0  0.303  0.191  0.570  0.538  0.348 0.020  0.011 30.0  0.157   0.106   0.219     6 unconfirmed hint
 1P  10091  0.332 16643.0  0.324 -0.043 -0.132  0.258  0.068 0.162  0.093 35.0 -0.053   0.043   0.198     4 unconfirmed hint
 1S   6054 -0.341 24408.0 -0.173  0.251  0.407 -0.042 -0.232 0.981  0.942  0.0 -0.090  -0.262  -0.335     2          nothing
 2A   4475  0.268 14748.0  0.200 -0.087 -0.138  0.058 -0.132 0.953  0.713  3.0  0.257   0.002   0.268     4          nothing
 2B   1066  0.255  3568.0  0.270  0.025  0.028  0.225  0.035 0.750  0.897  1.0 -0.065   0.002   0.111     4          nothing
 2C   5041  0.320 14580.0  0.270 -0.536 -0.879 -0.315 -0.505 0.481  0.674  7.0 -0.348   0.002   0.234     1          nothing
 2D   4494  0.309 14748.0  0.200 -0.014 -0.027  0.259  0.069 0.568  0.690  4.0  0.260   0.083   0.268     2          nothing
 2E   1021  0.502  3568.0  0.270 -0.709 -0.680 -0.265 -0.455 0.861  0.962  0.0 -0.208   0.083   0.111     0 too few to judge
 2F   4579  0.362 14580.0  0.270 -0.199 -0.342  0.118 -0.072 0.650  0.447 14.0 -0.104   0.083   0.234     2          nothing
 2P  16038  0.286 32253.0  0.233 -0.178 -0.495  0.026 -0.164 0.867  0.399 22.0  0.020   0.007   0.244     1          nothing
 2S  18362 -0.162 37307.0 -0.206 -0.467 -1.476 -0.630 -0.820 0.003  0.012  2.0 -0.613  -0.090  -0.230     1          reverse
 3A  13665  0.277 42221.0  0.249 -0.218 -0.767  0.044 -0.146 0.917  0.896  0.0  0.059   0.042   0.112     1          nothing
 3B   4928  0.204 15701.0  0.265  0.183  0.362  0.347  0.157 0.441  0.394  0.0  0.387   0.042   0.235     4          nothing
 3S   2760 -0.375 15278.0 -0.261  0.352  0.514  0.462  0.272 0.585  0.626  4.0  0.402   0.106   0.140     2          nothing
 4A   3468  0.176 20124.0  0.248  0.561  0.920  0.761  0.571 0.290  0.204  0.0  0.737   0.185   0.198     6          nothing
 4S   1476 -0.262 10984.0 -0.360 -0.383 -0.328 -0.250 -0.440 0.806  0.417  1.0 -0.126   0.176  -0.262     0 too few to judge
 5A  15127  0.254 74146.0  0.230 -0.088 -0.263  0.300  0.110 0.394  0.778  2.0  0.144   0.268   0.028     2          nothing
 5B  20515  0.300 74146.0  0.230 -0.108 -0.395  0.247  0.057 0.460  0.541  4.0  0.161   0.247   0.028     3          nothing
 5S   2256 -0.132 46092.0 -0.168  0.548  0.536  0.356  0.166 0.574  0.329  6.0  0.677   0.471  -0.067     5          nothing
 6A   6229 -0.192 37173.0 -0.165 -0.098 -0.224 -0.021 -0.211 0.659  0.727 10.0 -0.153   0.034  -0.074     1          nothing
 6B    546 -0.436  3937.0 -0.601 -2.607 -1.410 -2.785 -2.975 0.033  0.041  3.0 -4.228   0.034  -1.328     0 too few to judge
 6P   6377 -0.194 38553.0 -0.172 -0.106 -0.249 -0.027 -0.217 0.653  0.800 11.0 -0.171   0.034  -0.083     1          nothing
 6L  36271  0.296 66071.0  0.251 -0.121 -0.506  0.126 -0.064 0.341  0.087 11.0  0.165   0.117   0.052     5          nothing
 7A   2665 -0.154  8608.0 -0.161 -0.919 -1.384 -1.054 -1.244 0.085  0.143  0.0 -1.073  -0.127  -0.494     1          nothing
 7B   2195 -0.101  8608.0 -0.161 -1.051 -1.222 -1.106 -1.296 0.103  0.135  0.0 -1.152   0.036  -0.494     1          nothing
 7P   3531 -0.132  8608.0 -0.161 -0.917 -1.513 -0.956 -1.146 0.074  0.138  0.0 -1.049   0.103  -0.494     1          nothing
 7L   1266  0.659  3631.0  0.625 -1.491 -1.355 -1.260 -1.450 0.218  0.587 14.0 -2.917  -0.045   0.553     1          nothing
 8A    319  0.671  7878.0  0.105 -5.662 -8.439 -5.541 -5.731 0.017  0.006  0.0 -4.991   0.457   0.659     0 too few to judge
 8B   2397  0.644 55016.0  0.228 -1.032 -1.375 -0.711 -0.901 0.290  0.272  0.0 -0.388   0.457   0.057     1          nothing
 8C    397  0.340  7878.0  0.105  0.535  0.345  0.457  0.267 0.667  0.536  0.0  0.875   0.352   0.659     3 too few to judge
 9A  26470  0.288 53421.0  0.193  0.081  0.270  0.291  0.101 0.136  0.250  0.0  0.370   0.428   0.129     6          nothing
 9B   3961 -0.223 35513.0 -0.218 -0.049 -0.110  0.070 -0.120 0.945  0.266  9.0 -0.151  -0.277  -0.059     1          nothing
 9C  16786  0.295 53421.0  0.193  0.173  0.500  0.333  0.143 0.195  0.200  0.0  0.468   0.428   0.129     5          nothing
 9D   1731 -0.177 35513.0 -0.218  0.182  0.222  0.441  0.251 0.515  0.960  3.0  0.218  -0.277  -0.059     2          nothing
9SP  30431  0.065     NaN    NaN  0.032    NaN  0.362    NaN 0.677    NaN  NaN    NaN     NaN     NaN     3          nothing

Tests 40; nominal p_two < 0.05: 7 (chance ~2.0); Holm < 0.05: 0; maxT < 0.05: 0; BH q < 0.10: 2
count of |z| >= 1.96: observed 7, joint null median 2, 90th pct 4, P(count >= observed) 0.018
