   name  trades  quarters  avg_raw_net  avg_nifty_net  avg_sector_net  pct_win  perq_nifty    t_q  t_date  first14  last8  q_pos  q_raw_ge2  q_gross_ge2  max_q_raw  perq_raw  t_q_raw  perq_nifty_gross  t_q_gross  first14_gross  last8_gross
10  A11     182        19        0.120          0.138           0.037   49.451       0.416  0.668   0.484    1.034 -0.434     10        5.0          5.0      5.599     0.395    0.618             0.606      0.973          1.224       -0.244
30  B07      32        21       -0.192          0.108             NaN   53.125      -0.002 -0.006   0.548   -0.051  0.078     12        NaN          NaN      1.974    -0.307   -0.911             0.038      0.144         -0.011        0.118
31  B08      25        21        0.070          0.018             NaN   52.000      -0.050 -0.250   0.076   -0.219  0.287     10        NaN          NaN      4.185     0.114    0.299            -0.010     -0.051         -0.179        0.327
4   A05     352        22       -0.158         -0.166          -0.252   44.602      -0.128 -0.284  -0.413   -0.001 -0.349      9        4.0          4.0      5.510     0.014    0.027             0.062      0.139          0.189       -0.159
7   A08     118        17       -0.480         -0.427          -0.640   46.610      -0.142 -0.309  -1.026    0.259 -0.592      7        4.0          5.0      3.856    -0.127   -0.205             0.048      0.105          0.449       -0.402
15  C06    1405        22        0.260         -0.168          -0.176   46.690      -0.265 -0.710  -0.647   -0.371 -0.079     11        NaN          NaN      3.808     0.261    0.549            -0.075     -0.200         -0.181        0.111
29  B06     119        22       -0.073         -0.176             NaN   44.538      -0.145 -0.792  -1.037   -0.106 -0.214      8        NaN          NaN      1.618    -0.061   -0.318             0.045      0.247          0.084       -0.024
25  B02     128        22       -0.146         -0.233             NaN   44.531      -0.150 -0.816  -1.753   -0.205 -0.055     10        NaN          NaN      0.915    -0.133   -0.790             0.016      0.088         -0.042        0.118
11  A12     262        22       -0.155         -0.277          -0.343   45.802      -0.266 -0.866  -0.849   -0.495  0.135      9        1.0          1.0      3.321    -0.178   -0.479            -0.076     -0.248         -0.305        0.325
27  B04     141        22       -0.192         -0.268          -0.345   41.844      -0.213 -1.065  -1.227   -0.135 -0.349     11        NaN          NaN      1.239    -0.126   -0.600            -0.023     -0.114          0.055       -0.159
17  C04     900        22       -0.015         -0.172          -0.203   46.778      -0.205 -1.121  -1.169   -0.347  0.043     10        0.0          0.0      1.360    -0.014   -0.068            -0.015     -0.083         -0.157        0.233
0   A01     890        22       -0.075         -0.217          -0.325   47.753      -0.222 -1.178  -0.857   -0.276 -0.126      9        0.0          0.0      1.573     0.020    0.084            -0.032     -0.168         -0.086        0.064
1   A02     192        21       -0.008         -0.240          -0.386   45.312      -0.594 -1.201  -0.693   -0.605 -0.576      9        4.0          4.0      3.686    -0.433   -0.735            -0.404     -0.817         -0.415       -0.386
19  C08     900        22        0.049         -0.395          -0.224   44.889      -0.482 -1.213  -1.214   -0.723 -0.059      8        NaN          NaN      4.046     0.017    0.032            -0.292     -0.735         -0.533        0.131
13  C02    1405        22       -0.018         -0.195          -0.254   46.477      -0.210 -1.275  -1.044   -0.211 -0.208     10        0.0          0.0      1.511     0.008    0.040            -0.020     -0.121         -0.021       -0.018
14  C05     346        22       -0.494         -0.530          -0.792   42.197      -0.583 -1.345  -1.813   -0.350 -0.991     10        NaN          NaN      3.576    -0.529   -0.776            -0.393     -0.907         -0.160       -0.801
6   A07     622        22       -0.173         -0.299          -0.353   46.463      -0.341 -1.374  -1.548   -0.286 -0.438      8        0.0          0.0      1.794    -0.174   -0.611            -0.151     -0.609         -0.096       -0.248
23  D04     822        22       -0.194         -0.521          -0.379   47.202      -0.656 -1.389  -0.579   -0.875 -0.274      9        NaN          NaN      4.194    -0.409   -0.596            -0.466     -0.987         -0.685       -0.084
20  D01     182        22        0.181         -0.168          -0.311   42.857      -0.615 -1.506  -2.545   -1.009  0.075      7        3.0          3.0      4.338    -0.370   -0.661            -0.425     -1.040         -0.819        0.265
9   A10     887        22       -0.177         -0.273          -0.303   46.449      -0.280 -1.592  -2.028   -0.198 -0.422      9        1.0          1.0      2.110    -0.124   -0.514            -0.090     -0.510         -0.008       -0.232
5   A06     415        22       -0.354         -0.450          -0.530   42.651      -0.475 -2.069  -1.590   -0.494 -0.442      7        2.0          2.0      2.189    -0.394   -1.228            -0.285     -1.241         -0.304       -0.252
3   A04    1274        22       -0.156         -0.278          -0.382   46.782      -0.315 -2.149  -1.625   -0.332 -0.286      8        0.0          0.0      1.398    -0.121   -0.630            -0.125     -0.854         -0.142       -0.096
22  D03     182        22       -0.511         -0.635          -0.650   41.758      -1.146 -2.173  -2.931   -1.262 -0.943      9        NaN          NaN      5.192    -1.016   -1.201            -0.956     -1.813         -1.072       -0.753
18  C07     229        22       -0.848         -0.908          -1.025   38.428      -0.933 -2.223  -2.137   -0.899 -0.992      9        NaN          NaN      4.363    -0.926   -1.250            -0.743     -1.770         -0.709       -0.802
8   A09     670        22       -0.347         -0.429          -0.478   44.179      -0.451 -2.396  -2.135   -0.593 -0.201      5        0.0          0.0      1.594    -0.386   -1.620            -0.261     -1.386         -0.403       -0.011
21  D02     822        22       -0.357         -0.496          -0.472   44.161      -0.566 -2.439  -1.545   -0.710 -0.314      9        0.0          1.0      1.848    -0.459   -1.448            -0.376     -1.621         -0.520       -0.124
28  B05     266        22       -0.173         -0.263             NaN   43.233      -0.299 -2.449  -1.896   -0.251 -0.383      5        NaN          NaN      1.139    -0.186   -1.121            -0.109     -0.895         -0.061       -0.193
12  C01     346        22       -0.640         -0.636          -0.747   39.595      -0.683 -2.711  -2.953   -0.782 -0.509      7        0.0          0.0      1.245    -0.705   -2.063            -0.493     -1.957         -0.592       -0.319
16  C03     229        22       -0.662         -0.727          -0.861   38.865      -0.764 -2.725  -3.071   -1.045 -0.273      5        1.0          1.0      2.161    -0.718   -1.978            -0.574     -2.048         -0.855       -0.083
2   A03    1094        22       -0.338         -0.426          -0.556   44.059      -0.455 -2.940  -3.273   -0.534 -0.315      5        0.0          0.0      1.191    -0.374   -1.970            -0.265     -1.712         -0.344       -0.125
26  B03     486        22       -0.260         -0.325          -0.342   41.770      -0.367 -3.104  -2.763   -0.347 -0.402      7        NaN          NaN      0.528    -0.279   -1.857            -0.177     -1.497         -0.157       -0.212
24  B01     432        22       -0.234         -0.292             NaN   41.204      -0.330 -3.117  -3.131   -0.360 -0.277      7        NaN          NaN      0.857    -0.251   -1.836            -0.160     -1.518         -0.190       -0.106
     A11   A01   A05   B07   C01   C03   D03   B03
qn                                                
0    NaN -0.10  2.42   NaN  0.28 -0.94  1.63 -1.35
1    NaN -0.19  0.16  0.01  0.04 -0.22  1.13 -0.95
2   1.46 -2.76 -1.79 -0.59 -3.38 -4.20 -4.66 -0.66
3   6.15  0.55  1.57  2.60 -1.03 -0.29 -3.97 -0.31
4    NaN -1.33 -0.87 -2.19 -1.84 -1.56 -6.42 -0.28
5   3.48 -0.41  2.23  1.40 -2.10 -2.24 -3.15 -1.10
6   1.48 -0.82 -0.34  0.99 -1.47 -1.76 -0.57 -0.59
7  -2.28  0.29 -2.28  0.86 -0.33 -1.05  1.84 -0.37
8   1.97 -0.30 -1.34 -0.34 -0.25  0.89 -5.10  0.09
9  -0.71 -0.61 -0.31  0.71  0.02 -0.72  1.16 -0.19
10  5.85  0.51  5.85  0.06 -0.60 -2.05 -1.14  0.41
11 -1.55 -0.27 -1.41 -1.38  1.55 -0.23  1.31  0.27
12 -5.11  1.10 -4.90  0.16 -0.45 -1.27 -1.13  0.44
13  0.63  0.48  0.99 -2.95 -1.38  1.03  1.41 -0.27
14  0.22  0.89  0.44  0.97 -2.07 -1.45 -2.27 -1.07
15 -0.65  0.30 -0.60  0.74 -2.50 -1.51 -2.94 -1.30
16 -2.15  0.59 -1.41 -0.41 -0.49 -0.08 -0.20  0.17
17 -0.95 -1.38 -1.61 -0.26 -0.45 -1.68 -3.36 -0.65
18  1.17  0.26  1.41 -0.13 -0.07  0.56  0.21  0.15
19  0.40 -0.05 -0.12  0.52  0.13  1.36  1.40  0.37
20 -1.07 -0.77  0.03 -0.91  0.86  1.04  0.18 -0.49
21 -0.45 -0.86 -0.95  0.11  0.51 -0.42 -0.56 -0.39
A11 by peer group                n     m
peer_group            
Banks        117  0.46
FMCG          16  0.11
IT services   15 -0.02
NBFCs         22 -1.57
Pharma        12  0.37
C01 by sector                             n     m
sector_index                       
Nifty Auto                 26  1.75
Nifty Bank                 31 -0.35
Nifty Commodities          22 -0.50
Nifty Consumer Durables    24 -2.86
Nifty Energy                8 -1.92
Nifty FMCG                 24 -0.36
Nifty Financial Services   34 -0.46
Nifty IT                   30 -1.04
Nifty India Consumption     2 -4.67
Nifty India Defence         2 -0.69
Nifty India Digital         8 -0.98
Nifty India Manufacturing  25 -1.67
Nifty Infrastructure        8 -0.75
Nifty Metal                26 -0.50
Nifty Oil & Gas            25 -0.64
Nifty Pharma               28  0.44
Nifty Services Sector      23 -0.94
