   name  actual_perq  actual_t  P1_quarter_mean_perq  P1_quarter_t05  P1_quarter_t95  P1_quarter_p_hi  P1_quarter_p_lo  P2_quarter_sector_mean_perq  P2_quarter_sector_t05  P2_quarter_sector_t95  P2_quarter_sector_p_hi  P2_quarter_sector_p_lo
0   A01       -0.222    -1.178                -0.299          -3.226          -0.234            0.308            0.692                       -0.313                 -3.229                 -0.516                   0.206                   0.794
1   A02       -0.594    -1.201                -0.298          -2.412           0.927            0.665            0.335                       -0.464                 -2.961                  0.245                   0.466                   0.534
2   A03       -0.455    -2.940                -0.292          -3.252          -0.619            0.905            0.095                       -0.320                 -3.348                 -0.914                   0.888                   0.112
3   A04       -0.315    -2.149                -0.299          -3.359          -0.607            0.604            0.396                       -0.341                 -3.627                 -1.343                   0.354                   0.646
4   A05       -0.128    -0.284                -0.283          -2.623           0.666            0.266            0.734                       -0.286                 -2.263                  0.386                   0.242                   0.758
5   A06       -0.475    -2.069                -0.294          -2.785           0.339            0.815            0.185                       -0.344                 -2.868                  0.031                   0.790                   0.210
6   A07       -0.341    -1.374                -0.338          -3.090          -0.013            0.392            0.608                       -0.359                 -3.198                 -0.487                   0.298                   0.702
7   A08       -0.142    -0.309                -0.354          -2.403           1.001            0.368            0.632                       -0.186                 -1.838                  1.082                   0.486                   0.514
8   A09       -0.451    -2.396                -0.330          -3.362          -0.293            0.762            0.238                       -0.356                 -3.330                 -0.575                   0.724                   0.276
9   A10       -0.280    -1.592                -0.335          -3.358          -0.571            0.338            0.662                       -0.365                 -3.490                 -1.149                   0.166                   0.834
10  A11        0.416     0.668                -0.270          -2.277           0.981            0.097            0.903                        0.018                 -1.258                  1.388                   0.210                   0.790
11  A12       -0.266    -0.866                -0.335          -2.713           0.525            0.434            0.566                       -0.246                 -2.445                  0.750                   0.542                   0.458
12  C01       -0.683    -2.711                -0.292          -2.656           0.431            0.956            0.044                       -0.385                 -3.128                  0.141                   0.907                   0.093
13  C02       -0.210    -1.275                -0.294          -3.389          -0.972            0.123            0.877                       -0.282                 -3.279                 -0.873                   0.154                   0.846
14  C05       -0.583    -1.345                -0.202          -1.913           0.887            0.856            0.144                       -0.262                 -1.971                  0.662                   0.830                   0.170
15  C06       -0.265    -0.710                -0.206          -1.504          -0.004            0.500            0.500                       -0.178                 -1.348                  0.116                   0.586                   0.414
16  C03       -0.764    -2.725                -0.332          -2.699           0.591            0.952            0.048                       -0.396                 -2.808                  0.383                   0.942                   0.058
17  C04       -0.205    -1.121                -0.335          -3.537          -0.853            0.106            0.894                       -0.317                 -3.337                 -0.742                   0.120                   0.880
18  C07       -0.933    -2.223                -0.403          -2.424           0.662            0.926            0.074                       -0.485                 -2.558                  0.371                   0.908                   0.092
19  C08       -0.482    -1.213                -0.392          -2.376          -0.409            0.404            0.596                       -0.383                 -2.289                 -0.427                   0.406                   0.594
20  D01       -0.615    -1.506                -0.301          -2.342           0.892            0.778            0.222                       -0.065                 -1.793                  1.234                   0.918                   0.082
21  D02       -0.566    -2.439                -0.293          -3.259          -0.208            0.804            0.196                       -0.335                 -3.217                 -0.471                   0.800                   0.200
22  D03       -1.146    -2.173                -0.230          -1.897           1.182            0.974            0.026                       -0.066                 -1.599                  1.129                   0.990                   0.010
23  D04       -0.656    -1.389                -0.211          -1.793           0.478            0.860            0.140                       -0.195                 -1.330                  0.283                   0.962                   0.038

  name  actual_perq  actual_t  P3_mean_perq  P3_t05  P3_t95  P3_p_hi  P3_p_lo  draws
0  B01       -0.330    -3.117        -0.130  -4.071  -0.254    0.866    0.134   1000
1  B02       -0.150    -0.816        -0.094  -3.270   1.379    0.467    0.533   1000
2  B03       -0.367    -3.104        -0.115  -2.639   0.099    1.000    0.000   1000
3  B04       -0.213    -1.065        -0.105  -2.335   0.936    0.547    0.453   1000
4  B05       -0.299    -2.449        -0.132  -3.049   0.436    0.866    0.134   1000
5  B06       -0.145    -0.792        -0.172  -3.084   0.481    0.375    0.625   1000
6  B07       -0.002    -0.006        -0.026  -1.920   1.570    0.453    0.547   1000
7  B08       -0.050    -0.250        -0.040  -1.907   1.380    0.478    0.522   1000

Variants better than placebo at p<0.05 (one-sided): 0 of 32; worse than placebo at p<0.05: 4 of 32 (about 1.6 each expected by chance)
