code signal | dir | n | avg | net | tp | up% | q+/qT | f14 | l8 | -best5 | placebo | res-plac | rand | p2 | Holm | WY | p2_week | lag10 overlap | avg w/o lag10
L01 RSI14 < 30 | L | 103 | +0.55 | +0.38 | +0.63 | 53 | 9/16 | +0.40 | +0.71 | -0.15 | +0.62 | -0.07 | -0.39 | 0.064 | 1.00 | 0.90 | 0.241 | 31 | -0.41
S01 RSI14 > 70 | S | 216 | -0.49 | -0.66 | -0.42 | 49 | 11/20 | -0.13 | -1.49 | -0.80 | -0.16 | -0.33 | -0.31 | 0.558 | 1.00 | 1.00 | 0.322 | 0 | -0.49
L02 RSI2 < 10 | L | 409 | +0.23 | +0.06 | +0.19 | 52 | 14/22 | +0.43 | +0.01 | +0.06 | +0.27 | -0.04 | -0.17 | 0.093 | 1.00 | 0.96 | 0.039 | 23 | +0.12
S02 RSI2 > 90 | S | 496 | -0.47 | -0.64 | -0.43 | 49 | 8/22 | -0.52 | -0.40 | -0.62 | -0.19 | -0.28 | -0.25 | 0.273 | 1.00 | 1.00 | 0.417 | 3 | -0.45
L03 Stoch %K < 20 | L | 656 | +0.07 | -0.10 | +0.07 | 51 | 13/22 | +0.24 | -0.11 | -0.07 | +0.26 | -0.20 | -0.22 | 0.097 | 1.00 | 0.96 | 0.164 | 50 | -0.10
S03 Stoch %K > 80 | S | 783 | -0.39 | -0.56 | -0.33 | 49 | 7/22 | -0.30 | -0.53 | -0.50 | -0.18 | -0.21 | -0.27 | 0.406 | 1.00 | 1.00 | 0.145 | 1 | -0.39
L04 Williams %R < -80 | L | 656 | +0.07 | -0.10 | +0.07 | 51 | 13/22 | +0.24 | -0.11 | -0.07 | +0.26 | -0.20 | -0.22 | 0.097 | 1.00 | 0.96 | 0.164 | 50 | -0.10
S04 Williams %R > -20 | S | 783 | -0.39 | -0.56 | -0.33 | 49 | 7/22 | -0.30 | -0.53 | -0.50 | -0.18 | -0.21 | -0.27 | 0.406 | 1.00 | 1.00 | 0.145 | 1 | -0.39
L05 CCI20 < -100 | L | 644 | +0.26 | +0.09 | +0.22 | 51 | 15/22 | +0.53 | -0.04 | +0.11 | +0.30 | -0.04 | -0.21 | 0.008 | 0.33 | 0.23 | 0.066 | 52 | +0.08
S05 CCI20 > 100 | S | 796 | -0.08 | -0.25 | -0.10 | 51 | 9/22 | +0.00 | -0.21 | -0.19 | -0.16 | +0.09 | -0.25 | 0.248 | 1.00 | 1.00 | 0.953 | 0 | -0.08
L06 MFI14 < 20 | L | 92 | +0.24 | +0.07 | +0.43 | 51 | 8/16 | +0.36 | +0.13 | -0.54 | +0.20 | +0.04 | -0.30 | 0.317 | 1.00 | 1.00 | 0.409 | 9 | -0.41
S06 MFI14 > 80 | S | 211 | +0.32 | +0.15 | +0.23 | 54 | 13/21 | +0.63 | -0.36 | +0.02 | -0.10 | +0.42 | -0.30 | 0.051 | 1.00 | 0.83 | 0.382 | 0 | +0.32
L07 close < lower BB | L | 193 | +0.48 | +0.31 | +0.43 | 50 | 14/21 | +0.78 | +0.14 | +0.08 | +0.51 | -0.03 | -0.23 | 0.051 | 1.00 | 0.82 | 0.035 | 19 | +0.31
S07 close > upper BB | S | 215 | -0.31 | -0.48 | -0.16 | 48 | 10/22 | -0.49 | -0.02 | -0.65 | -0.17 | -0.15 | -0.27 | 0.888 | 1.00 | 1.00 | 0.828 | 0 | -0.31
L08 MACD bull cross (3d) | L | 405 | +0.27 | +0.10 | +0.19 | 52 | 12/22 | +0.40 | +0.10 | +0.04 | +0.20 | +0.07 | +0.09 | 0.443 | 1.00 | 1.00 | 0.612 | 8 | +0.25
S08 MACD bear cross (3d) | S | 411 | -0.35 | -0.52 | -0.25 | 50 | 10/22 | -0.21 | -0.51 | -0.55 | -0.24 | -0.11 | -0.03 | 0.177 | 1.00 | 1.00 | 0.278 | 7 | -0.33
L09 MACD<0, hist rising | L | 812 | -0.06 | -0.23 | -0.03 | 46 | 9/22 | +0.07 | -0.20 | -0.19 | +0.23 | -0.29 | -0.12 | 0.699 | 1.00 | 1.00 | 0.116 | 50 | -0.21
S09 MACD>0, hist falling | S | 1115 | +0.19 | +0.02 | +0.15 | 53 | 15/22 | +0.14 | +0.26 | +0.08 | -0.17 | +0.37 | -0.13 | 0.007 | 0.31 | 0.25 | 0.238 | 2 | +0.20
L10 C>SMA200 & C<SMA50 | L | 594 | -0.05 | -0.22 | -0.06 | 48 | 12/22 | +0.26 | -0.49 | -0.18 | +0.24 | -0.28 | -0.08 | 0.864 | 1.00 | 1.00 | 0.868 | 19 | -0.09
S10 C<SMA200 & C>SMA50 | S | 370 | +0.09 | -0.08 | +0.06 | 52 | 8/21 | -0.02 | +0.17 | -0.12 | -0.12 | +0.21 | -0.27 | 0.123 | 1.00 | 0.99 | 0.217 | 1 | +0.11
L11 golden state | L | 2070 | +0.05 | -0.12 | +0.07 | 48 | 11/22 | +0.15 | -0.12 | -0.00 | +0.24 | -0.19 | +0.03 | 0.743 | 1.00 | 1.00 | 0.475 | 49 | +0.01
S11 death state | S | 1208 | -0.03 | -0.20 | -0.06 | 51 | 13/22 | -0.05 | -0.01 | -0.12 | -0.15 | +0.12 | -0.06 | 0.732 | 1.00 | 1.00 | 0.475 | 36 | +0.06
L12 fresh golden cross | L | 81 | +0.31 | +0.14 | +0.13 | 48 | 10/19 | +0.53 | +0.12 | -0.34 | +0.12 | +0.19 | +0.11 | 0.716 | 1.00 | 1.00 | 0.701 | 0 | +0.31
S12 fresh death cross | S | 66 | -0.81 | -0.98 | -0.71 | 38 | 7/18 | -0.49 | -1.07 | -1.62 | -0.06 | -0.75 | +0.07 | 0.159 | 1.00 | 1.00 | 0.176 | 4 | -0.64
L13 ADX>25 & +DI>-DI | L | 725 | +0.15 | -0.02 | +0.22 | 50 | 13/22 | +0.02 | +0.42 | +0.03 | +0.20 | -0.05 | +0.19 | 0.855 | 1.00 | 1.00 | 0.864 | 0 | +0.15
S13 ADX>25 & -DI>+DI | S | 524 | -0.20 | -0.37 | -0.12 | 48 | 8/22 | -0.67 | +0.27 | -0.38 | -0.37 | +0.16 | +0.23 | 0.027 | 1.00 | 0.63 | 0.248 | 66 | +0.12
L14 hammer | L | 41 | +0.39 | +0.22 | +0.23 | 51 | 8/17 | +0.87 | +0.02 | -1.03 | +0.40 | -0.01 | -0.04 | 0.589 | 1.00 | 1.00 | 0.800 | 1 | +0.13
S14 shooting star | S | 19 | -0.04 | -0.21 | -0.05 | 42 | 6/12 | -0.50 | +0.37 | -1.59 | -0.12 | +0.08 | -0.42 | 0.731 | 1.00 | 1.00 | 0.576 | 0 | -0.04
L15 bullish engulfing | L | 59 | -0.06 | -0.23 | +0.30 | 49 | 10/22 | -0.03 | -0.09 | -1.02 | +0.21 | -0.27 | +0.07 | 0.835 | 1.00 | 1.00 | 0.609 | 2 | +0.01
S15 bearish engulfing | S | 142 | +0.67 | +0.50 | +0.34 | 56 | 12/22 | +1.40 | -0.21 | +0.15 | -0.20 | +0.87 | -0.04 | 0.090 | 1.00 | 0.95 | 0.277 | 0 | +0.67
L16 gap down > 2% | L | 30 | +1.38 | +1.21 | +1.59 | 53 | 9/15 | +0.41 | +3.64 | -0.38 | +0.55 | +0.83 | -0.06 | 0.145 | 1.00 | 0.99 | 0.225 | 3 | +1.25
S16 gap up > 2% | S | 59 | +0.71 | +0.54 | +0.98 | 54 | 8/17 | +1.88 | -0.09 | -0.25 | -0.64 | +1.34 | -0.10 | 0.227 | 1.00 | 1.00 | 0.005 | 5 | +0.61
L17 within 5% of 52w low | L | 116 | +0.18 | +0.01 | +0.28 | 45 | 12/21 | +0.10 | +0.27 | -0.34 | +0.31 | -0.13 | -0.20 | 0.434 | 1.00 | 1.00 | 0.899 | 16 | -0.02
S17 within 5% of 52w high | S | 694 | -0.33 | -0.50 | -0.33 | 48 | 8/22 | -0.14 | -0.74 | -0.46 | -0.24 | -0.10 | -0.21 | 0.455 | 1.00 | 1.00 | 0.065 | 0 | -0.33
L18 Donchian20 break up | L | 239 | +0.66 | +0.49 | +0.58 | 53 | 13/21 | +0.52 | +0.85 | +0.30 | +0.10 | +0.55 | +0.30 | 0.253 | 1.00 | 1.00 | 0.220 | 0 | +0.66
S18 Donchian20 break down | S | 181 | -0.85 | -1.02 | -0.74 | 44 | 6/20 | -1.03 | -0.67 | -1.25 | -0.62 | -0.23 | +0.33 | 0.002 | 0.11 | 0.07 | 0.001 | 20 | -0.72
L19 OBV bull divergence | L | 366 | -0.09 | -0.26 | -0.21 | 49 | 11/22 | +0.21 | -0.43 | -0.32 | +0.21 | -0.30 | -0.04 | 0.819 | 1.00 | 1.00 | 0.374 | 7 | -0.10
S19 OBV bear divergence | S | 206 | +0.56 | +0.39 | +0.38 | 58 | 15/22 | +0.51 | +0.61 | +0.29 | -0.22 | +0.78 | -0.18 | 0.029 | 1.00 | 0.64 | 0.220 | 0 | +0.56
L20 oversold count >= 3 | L | 492 | +0.22 | +0.05 | +0.20 | 51 | 13/21 | +0.47 | -0.05 | +0.02 | +0.30 | -0.08 | -0.25 | 0.025 | 1.00 | 0.58 | 0.053 | 50 | -0.04
S20 overbought count >= 3 | S | 639 | -0.39 | -0.56 | -0.35 | 49 | 6/22 | -0.29 | -0.54 | -0.50 | -0.17 | -0.22 | -0.29 | 0.584 | 1.00 | 1.00 | 0.148 | 0 | -0.39
L21 oversold count >= 4 | L | 258 | +0.28 | +0.11 | +0.43 | 50 | 12/21 | +0.23 | +0.34 | -0.03 | +0.43 | -0.15 | -0.28 | 0.067 | 1.00 | 0.90 | 0.071 | 32 | +0.02
S21 overbought count >= 4 | S | 373 | -0.32 | -0.49 | -0.25 | 50 | 9/22 | -0.20 | -0.57 | -0.52 | -0.13 | -0.19 | -0.29 | 0.895 | 1.00 | 1.00 | 0.333 | 0 | -0.32
N01 NR7 | N | 419 | +0.06 | -0.11 | +0.17 | 46 | 14/22 | +0.52 | -0.65 | -0.11 | +0.27 | -0.21 | +0.06 | 0.991 | 1.00 | 1.00 | 0.894 | 10 | +0.04
N02 doji | N | 334 | -0.24 | -0.41 | -0.35 | 46 | 10/22 | +0.02 | -0.60 | -0.47 | +0.15 | -0.39 | +0.04 | 0.293 | 1.00 | 1.00 | 0.179 | 6 | -0.34
