F&O universe 3278  base mean three_day 0.042%
Placebo F&O windows 128254  base mean 0.245%
                   setup outcome    n  nq   avg  avg_net  avg_q    win   med  top5_share  avg_wo_top5  is_n  is_avg  oos_n  oos_avg  shuffle_p  all_n  all_avg  preFO_n  preFO_avg  placebo_n  placebo_avg         placebo_dropped
0           L01_lag1w_10    3day   22  12  2.24     2.07   2.23  59.09  1.95        1.15        -0.44    15    2.98      7     0.66       0.02     47     3.26       25       4.15        698         1.40                        
1           L01_lag1w_10      tp   22  12  1.96     1.79   1.81  63.64  2.48        1.01        -0.03    15    2.21      7     1.43       0.03     47     2.41       25       2.80        698         1.03                        
2          L01a_lag1w_06    3day  126  21  0.57     0.40   0.75  47.62 -0.17        1.19        -0.11    71    0.83     55     0.23       0.05    223     1.04       97       1.66       4250         0.76                        
3          L01a_lag1w_06      tp  126  21  0.27     0.10   0.32  53.17  0.80        1.92        -0.26    71    0.39     55     0.11       0.16    223     0.67       97       1.20       4250         0.59                        
4          L01b_lag1w_08    3day   39  16  2.24     2.07   2.41  64.10  2.06        0.71         0.75    25    3.04     14     0.79       0.00     85     2.54       46       2.80       1655         1.07                        
5          L01b_lag1w_08      tp   39  16  1.60     1.43   1.78  66.67  3.01        0.71         0.52    25    2.01     14     0.87       0.02     85     1.83       46       2.03       1655         0.83                        
6          L01c_lag1w_12    3day    9   6  3.80     3.63   5.06  77.78  2.95        1.02        -0.20     7    4.17      2     2.51       0.03     22     3.76       13       3.73        323         1.72                        
7          L01c_lag1w_12      tp    9   6  2.58     2.41   3.23  77.78  3.01        1.00         0.02     7    2.94      2     1.31       0.08     22     2.75       13       2.87        323         1.28                        
8          L01d_lag1w_15    3day    3   3  6.43     6.26   6.43  66.67  4.39        1.00          NaN     3    6.43      0      NaN       0.03     11     5.33        8       4.92        121         1.82                        
9          L01d_lag1w_15      tp    3   3  2.78     2.61   2.78  66.67  3.18        1.00          NaN     3    2.78      0      NaN       0.15     11     3.74        8       4.09        121         1.04                        
10          L02_lag1m_15    3day   51  16  2.09     1.92   2.09  64.71  1.90        0.69         0.72    29    2.54     22     1.50       0.00     96     1.75       45       1.35       2146         0.63                        
11          L02_lag1m_15      tp   51  16  2.24     2.07   2.15  72.55  3.01        0.52         1.19    29    2.12     22     2.39       0.00     96     1.53       45       0.72       2146         0.49                        
12        L03_below50_10    3day  140  19  0.80     0.63   1.52  55.00  1.04        0.67         0.27    64    1.64     76     0.10       0.00    200     1.14       60       1.94       7623         0.75                        
13        L03_below50_10      tp  140  19  0.95     0.78   2.01  62.14  2.49        0.50         0.49    64    1.55     76     0.45       0.00    200     1.07       60       1.33       7623         0.66                        
14           L04_streak5    3day   89  21  0.16    -0.01   0.41  46.07 -0.50        3.91        -0.48    51    1.20     38    -1.24       0.26    129     1.05       40       3.04       3102         0.45                        
15           L04_streak5      tp   89  21 -0.01    -0.18   0.44  49.44 -0.17         NaN        -0.59    51    0.82     38    -1.12       0.39    129     0.72       40       2.35       3102         0.38                        
16          L05_at52wlow    3day   78  20  0.99     0.82   0.01  50.00  0.05        0.81         0.20    43    1.34     35     0.56       0.02     95     1.35       17       3.04       4586         0.54                        
17          L05_at52wlow      tp   78  20  0.84     0.67  -0.13  53.85  1.10        0.73         0.24    43    1.07     35     0.55       0.03     95     1.05       17       2.03       4586         0.47                        
18         L06_capit_vol    3day   22  11  2.35     2.18   3.18  68.18  2.33        1.05        -0.16    12    3.36     10     1.13       0.02     30     1.87        8       0.57      10336         0.61        volume_5d_vs_60d
19         L06_capit_vol      tp   22  11  2.00     1.83   2.87  72.73  2.80        0.96         0.09    12    2.99     10     0.82       0.03     30     1.78        8       1.16      10336         0.49        volume_5d_vs_60d
20          L07_past_pos    3day  155  19  0.07    -0.10  -0.01  48.39 -0.54        7.52        -0.50    94    0.57     61    -0.69       0.36    265     0.79      110       1.79       6002         0.05                        
21          L07_past_pos      tp  155  19 -0.20    -0.37  -0.30  50.32  0.06         NaN        -0.59    94    0.24     61    -0.88       0.63    265     0.43      110       1.31       6002         0.03                        
22     L08_goodprev_drop    3day   35  11  0.96     0.79   1.51  62.86  1.76        1.43        -0.48    19    2.43     16    -0.79       0.07     62     1.54       27       2.30       1223         0.81                        
23     L08_goodprev_drop      tp   35  11  0.76     0.59   1.40  62.86  2.08        1.39        -0.35    19    2.00     16    -0.71       0.09     62     1.04       27       1.41       1223         0.70                        
24       L09_iv_oversold    3day   36  13 -0.13    -0.30  -0.42  47.22 -0.17         NaN        -1.56    28   -0.52      8     1.23       0.47     36    -0.13        0        NaN       7942         0.48          iv_vs_realised
25       L09_iv_oversold      tp   36  13 -0.49    -0.66  -0.70  50.00  0.25         NaN        -1.44    28   -0.87      8     0.83       0.69     36    -0.49        0        NaN       7942         0.38          iv_vs_realised
26    L10_small_oversold    3day   24  14 -0.27    -0.44  -0.30  41.67 -0.65         NaN        -1.78    15    0.38      9    -1.34       0.61     58     0.71       34       1.40        631         0.80                        
27    L10_small_oversold      tp   24  14  0.85     0.68   0.48  54.17  1.59        1.61        -0.66    15    0.63      9     1.22       0.21     58     1.17       34       1.39        631         0.70                        
28    L11_sector_washout    3day   21   6  2.17     2.00   2.71  57.14  1.97        1.24        -0.67    14    1.28      7     3.96       0.01     34     1.47       13       0.34       1044         1.16                        
29    L11_sector_washout      tp   21   6  2.94     2.77   2.91  66.67  4.40        0.77         0.87    14    2.51      7     3.81       0.00     34     1.45       13      -0.96       1044         1.04                        
30        L12_sigma_drop    3day   20  10  2.23     2.06   1.69  55.00  2.98        1.01        -0.02    12    3.03      8     1.02       0.02     28     3.01        8       4.99        564         1.34                        
31        L12_sigma_drop      tp   20  10  1.90     1.73   1.48  60.00  3.10        0.94         0.15    12    2.53      8     0.95       0.03     28     1.91        8       1.93        564         1.09                        
32      L13_cutday_crash    3day   28  17  1.27     1.10   2.29  60.71  1.74        1.32        -0.49    17    1.42     11     1.04       0.08     49     2.01       21       2.99       1206         1.83                        
33      L13_cutday_crash      tp   28  17  1.35     1.18   1.70  71.43  2.97        0.73         0.44    17    1.73     11     0.76       0.05     49     1.48       21       1.65       1206         1.47                        
34            L14_drop3d    3day   30  11  3.19     3.02   3.59  70.00  2.33        0.73         1.04    19    4.25     11     1.36       0.00     65     2.32       35       1.58       1325         1.56                        
35            L14_drop3d      tp   30  11  2.60     2.43   2.79  73.33  2.83        0.67         1.03    19    3.44     11     1.14       0.00     65     1.96       35       1.41       1325         1.28                        
36        L15_deep_combo    3day   58  11  1.53     1.36   1.96  55.17  1.20        0.83         0.29    28    2.07     30     1.03       0.00     94     2.37       36       3.71       2857         1.07                        
37        L15_deep_combo      tp   58  11  1.50     1.33   2.27  60.34  2.58        0.68         0.53    28    1.86     30     1.17       0.00     94     2.02       36       2.86       2857         0.95                        
38      L16_breakout_eps    3day  241  22  0.28     0.11  -0.31  52.28  0.48        0.88         0.03   178    0.26     63     0.33       0.44    353     0.17      112      -0.08      10212         0.25                        
39      L16_breakout_eps      tp  241  22  0.61     0.44   0.06  55.19  0.89        0.39         0.38   178    0.54     63     0.79       0.12    353     0.41      112      -0.01      10212         0.25                        
40      L17_early_strong    3day   14  10  2.63     2.46   3.38  42.86 -0.95        1.66        -2.71     5    7.49      9    -0.07       0.03     32     3.36       18       3.93       7185         0.22  days_after_quarter_end
41      L17_early_strong      tp   14  10  1.95     1.78   2.18  42.86 -0.95        1.88        -2.67     5    6.61      9    -0.64       0.06     32     2.64       18       3.18       7185         0.19  days_after_quarter_end
42  L18_gapdown_oversold    3day    2   2 -2.59    -2.76  -2.59  50.00 -2.59         NaN          NaN     0     NaN      2    -2.59       0.74      6    -3.66        4      -4.20        194         2.28                        
43  L18_gapdown_oversold      tp    2   2 -2.59    -2.76  -2.59  50.00 -2.59         NaN          NaN     0     NaN      2    -2.59       0.75      6    -4.25        4      -5.08        194         1.86                        
44   L19_prevpos_selloff    3day   38  19  1.44     1.27   1.00  50.00  0.34        1.28        -0.46    24    3.08     14    -1.36       0.03     68     1.61       30       1.82       1081         0.52                        
45   L19_prevpos_selloff      tp   38  19  0.65     0.48   0.47  52.63  1.10        1.80        -0.60    24    1.91     14    -1.50       0.18     68     0.90       30       1.20       1081         0.45                        
46      L20_peers_strong    3day  280  22 -0.42    -0.59  -0.24  43.93 -0.77         NaN        -0.84   140    0.34    140    -1.17       0.96    414     0.04      134       0.99     128254         0.24       peers_reported_3d
47      L20_peers_strong      tp  280  22 -0.39    -0.56  -0.24  46.79 -0.52         NaN        -0.74   140    0.28    140    -1.06       0.96    414     0.04      134       0.94     128254         0.21       peers_reported_3d
48   L21_season_oversold    3day   33  10  1.99     1.82   1.90  57.58  1.66        0.78         0.52    19   -0.66     14     5.59       0.06     52     1.90       19       1.75       7942         0.48        season_so_far_3d
49   L21_season_oversold      tp   33  10  1.42     1.25   1.50  57.58  1.66        0.94         0.11    19   -0.83     14     4.47       0.13     52     1.04       19       0.39       7942         0.38        season_so_far_3d
50       L22_big_washout    3day   56  15  1.64     1.47   1.43  55.36  1.53        0.80         0.36    29    2.36     27     0.87       0.00    105     2.46       49       3.40       2713         0.96                        
51       L22_big_washout      tp   56  15  1.86     1.69   1.62  64.29  2.94        0.57         0.88    29    1.83     27     1.89       0.00    105     1.91       49       1.96       2713         0.76                        
52  L23_quality_oversold    3day   51  16 -0.60    -0.77  -1.63  43.14 -0.54         NaN        -1.79    30   -0.27     21    -1.07       0.82     78     0.27       27       1.90       1885         0.47                        
53  L23_quality_oversold      tp   51  16 -0.34    -0.51  -1.33  50.98  0.90         NaN        -1.28    30   -0.02     21    -0.81       0.74     78     0.32       27       1.58       1885         0.41                        
54           L24_high_iv    3day  184  21 -0.54    -0.71   0.55  42.93 -0.79         NaN        -0.93   112   -0.37     72    -0.81       0.84    184    -0.54        0        NaN     128254         0.24          iv_vs_realised
55           L24_high_iv      tp  184  21 -0.48    -0.65   0.52  46.20 -0.42         NaN        -0.80   112   -0.33     72    -0.72       0.87    184    -0.48        0        NaN     128254         0.21          iv_vs_realised
56          L25_down10_8    3day  154  20  0.41     0.24  -0.21  49.35 -0.10        1.05        -0.02    71    0.39     83     0.43       0.06    219     0.69       65       1.36       5259         0.45                        
57          L25_down10_8      tp  154  20  0.51     0.34  -0.19  53.25  0.50        0.82         0.10    71    0.48     83     0.53       0.03    219     0.70       65       1.16       5259         0.40                        
58        S01_runup1w_10    3day   37  13  0.21     0.04   1.26  62.16  1.26        7.77        -1.65    22    1.14     15    -1.15       0.33    115    -0.23       78      -0.44       1655        -0.26                        
59        S01_runup1w_10      tp   37  13  0.61     0.44   1.38  67.57  3.05        1.34        -0.24    22    1.65     15    -0.91       0.17    115    -0.13       78      -0.48       1655        -0.16                        
60        S02_runup1m_20    3day   58  16  1.06     0.89   2.24  56.90  0.79        1.11        -0.13    32    2.85     26    -1.15       0.06    148    -0.05       90      -0.77       2362        -0.25                        
61        S02_runup1m_20      tp   58  16  0.09    -0.08   0.96  56.90  0.79        7.50        -0.61    32    1.70     26    -1.91       0.41    148    -0.55       90      -0.96       2362        -0.11                        
62        S03_above50_20    3day   45  14  0.84     0.67   1.53  60.00  1.27        1.74        -0.70    29    1.89     16    -1.06       0.10    130     0.92       85       0.96       2248        -0.38                        
63        S03_above50_20      tp   45  14  1.12     0.95   1.32  64.44  3.11        0.72         0.35    29    2.65     16    -1.65       0.03    130     0.81       85       0.65       2248        -0.21                        
64         S04_upstreak6    3day   53  19 -0.93    -1.10  -1.02  47.17 -0.41         NaN        -1.85    34   -0.98     19    -0.85       0.80     72    -0.90       19      -0.83       2189        -0.06                        
65         S04_upstreak6      tp   53  19 -0.56    -0.73  -0.34  50.94  0.01         NaN        -1.28    34   -0.53     19    -0.61       0.63     72    -0.47       19      -0.21       2189        -0.07                        
66         S05_vol_runup    3day    6   6 -6.57    -6.74  -6.57  50.00 -4.43         NaN       -29.11     5   -4.96      1   -14.64       0.99     33    -0.68       27       0.63       5153        -0.45        volume_5d_vs_60d
67         S05_vol_runup      tp    6   6 -1.13    -1.30  -1.13  66.67  1.87         NaN       -14.64     5    1.57      1   -14.64       0.73     33    -0.32       27      -0.14       5153        -0.40        volume_5d_vs_60d
68          S06_past_neg    3day  114  18  0.64     0.47   0.44  56.14  0.55        1.00        -0.00    99    0.81     15    -0.52       0.08    162     0.47       48       0.07       4417        -0.16                        
69          S06_past_neg      tp  114  18  0.58     0.41   0.59  59.65  0.82        0.71         0.18    99    0.77     15    -0.66       0.10    162     0.42       48       0.04       4417        -0.12                        
70          S07_iv_runup    3day   12   8  0.03    -0.14  -2.80  50.00  1.40      112.15        -4.98    10    1.01      2    -4.89       0.50     12     0.03        0        NaN       5455        -0.31          iv_vs_realised
71          S07_iv_runup      tp   12   8 -0.75    -0.92  -3.17  50.00  1.38         NaN        -4.98    10    0.08      2    -4.89       0.69     12    -0.75        0        NaN       5455        -0.21          iv_vs_realised
72        S08_peers_weak    3day  204  22 -0.38    -0.55  -0.54  50.49  0.03         NaN        -0.66   119   -0.35     85    -0.43       0.95    296    -0.91       92      -2.07     128254        -0.24       peers_reported_3d
73        S08_peers_weak      tp  204  22 -0.32    -0.49  -0.50  51.96  0.24         NaN        -0.56   119   -0.33     85    -0.30       0.94    296    -0.77       92      -1.76     128254        -0.21       peers_reported_3d
74      S09_cutday_spike    3day   15  12 -3.45    -3.62  -2.68  33.33 -2.47         NaN        -8.52    11   -5.31      4     1.68       0.98     37    -2.17       22      -1.30        847        -0.99                        
75      S09_cutday_spike      tp   15  12 -1.46    -1.63  -1.59  46.67 -0.04         NaN        -4.61    11   -2.62      4     1.73       0.82     37    -1.19       22      -1.01        847        -0.86                        
76     S10_badprev_rally    3day   77  18 -0.31    -0.48   0.25  50.65  0.02         NaN        -1.06    38    0.53     39    -1.13       0.47    123    -0.62       46      -1.15       1611         0.04                        
77     S10_badprev_rally      tp   77  18 -0.58    -0.75  -0.12  50.65  0.02         NaN        -1.19    38    0.40     39    -1.54       0.64    123    -0.88       46      -1.37       1611         0.06                        
78       S11_sigma_rally    3day   17   7 -1.05    -1.22  -0.10  41.18 -0.92         NaN        -4.44    12   -2.11      5     1.49       0.68     35    -1.05       18      -1.05        578        -0.60                        
79       S11_sigma_rally      tp   17   7  0.88     0.71   1.34  52.94  3.06        1.90        -1.12    12    0.31      5     2.24       0.13     35     0.14       18      -0.55        578        -0.45                        

L01 stability
    threshold                 universe     n    nq   avg  avg_q    win   med  top5_share  avg_wo_top5   is_n  is_avg  oos_n  oos_avg
0       -0.06                      F&O   126  21.0  0.57   0.75  47.62 -0.17        1.19        -0.11   71.0    0.83   55.0     0.23
1       -0.06                      all   223  22.0  1.04   1.39  54.71  0.86        0.46         0.58  147.0    0.92   76.0     1.28
2       -0.06                   preF&O    97  20.0  1.66   2.22  63.92  1.64        0.56         0.76   76.0    1.00   21.0     4.03
3       -0.06  placebo F&O non-results  4250   NaN  0.76    NaN    NaN   NaN         NaN          NaN    NaN    0.95    NaN     0.52
4       -0.08                      F&O    39  16.0  2.24   2.41  64.10  2.06        0.71         0.75   25.0    3.04   14.0     0.79
5       -0.08                      all    85  19.0  2.54   3.18  68.24  2.47        0.41         1.61   58.0    2.78   27.0     2.02
6       -0.08                   preF&O    46  17.0  2.80   3.43  71.74  2.63        0.64         1.14   33.0    2.59   13.0     3.34
7       -0.08  placebo F&O non-results  1655   NaN  1.07    NaN    NaN   NaN         NaN          NaN    NaN    1.33    NaN     0.78
8       -0.10                      F&O    22  12.0  2.24   2.23  59.09  1.95        1.15        -0.44   15.0    2.98    7.0     0.66
9       -0.10                      all    47  15.0  3.26   3.10  65.96  2.95        0.57         1.56   33.0    4.05   14.0     1.37
10      -0.10                   preF&O    25  13.0  4.15   4.33  72.00  3.94        0.79         1.08   18.0    4.95    7.0     2.09
11      -0.10  placebo F&O non-results   698   NaN  1.40    NaN    NaN   NaN         NaN          NaN    NaN    1.71    NaN     1.10
12      -0.12                      F&O     9   6.0  3.80   5.06  77.78  2.95        1.02        -0.20    7.0    4.17    2.0     2.51
13      -0.12                      all    22  10.0  3.76   5.65  68.18  2.98        1.04        -0.20   15.0    4.57    7.0     2.01
14      -0.12                   preF&O    13   7.0  3.73   7.59  61.54  3.94        1.62        -3.74    8.0    4.92    5.0     1.82
15      -0.12  placebo F&O non-results   323   NaN  1.72    NaN    NaN   NaN         NaN          NaN    NaN    1.63    NaN     1.79
16      -0.15                      F&O     3   3.0  6.43   6.43  66.67  4.39        1.00          NaN    3.0    6.43    0.0      NaN
17      -0.15                      all    11   8.0  5.33   7.91  63.64  4.39        1.41        -3.96    9.0    4.81    2.0     7.66
18      -0.15                   preF&O     8   6.0  4.92   9.37  62.50  6.05        1.64        -8.45    6.0    4.00    2.0     7.66
19      -0.15  placebo F&O non-results   121   NaN  1.82    NaN    NaN   NaN         NaN          NaN    NaN    1.68    NaN     1.93

Selection protocol
{
 "10": {
  "real_is_best": "L14_drop3d/3day",
  "real_is_avg": 4.248980454968323,
  "real_is_n": 19,
  "real_oos_avg": 1.359421389012498,
  "real_oos_n": 11,
  "real_oos_nq": 4,
  "real_wf_avg": 1.5697625959034378,
  "real_wf_n": 22,
  "shuf_is_avg_median": 2.250171267228548,
  "shuf_is_avg_p95": 3.706669534476569,
  "frac_shuf_is_ge_real": 0.032,
  "shuf_oos_avg_mean": -0.2062814113392822,
  "shuf_oos_avg_p95": 2.589443808560609,
  "frac_shuf_oos_ge_real": 0.184,
  "shuf_wf_avg_mean": -0.03259389540653722,
  "shuf_wf_avg_p95": 1.7353586342699034,
  "frac_shuf_wf_ge_real": 0.062,
  "frac_shuf_is_best_over_5": 0.008
 },
 "20": {
  "real_is_best": "L19_prevpos_selloff/3day",
  "real_is_avg": 3.0791406858617307,
  "real_is_n": 24,
  "real_oos_avg": -1.3642664658385304,
  "real_oos_n": 14,
  "real_oos_nq": 7,
  "real_wf_avg": 1.5799182628785746,
  "real_wf_n": 27,
  "shuf_is_avg_median": 1.4598216540221718,
  "shuf_is_avg_p95": 2.6103065315553824,
  "frac_shuf_is_ge_real": 0.018,
  "shuf_oos_avg_mean": -0.09299749845434804,
  "shuf_oos_avg_p95": 1.7753904330969994,
  "frac_shuf_oos_ge_real": 0.872,
  "shuf_wf_avg_mean": -0.0940406518706041,
  "shuf_wf_avg_p95": 0.9884793296971305,
  "frac_shuf_wf_ge_real": 0.01,
  "frac_shuf_is_best_over_5": 0.0
 },
 "30": {
  "real_is_best": "S02_runup1m_20/3day",
  "real_is_avg": 2.8460837866005715,
  "real_is_n": 32,
  "real_oos_avg": -1.1454443403230823,
  "real_oos_n": 26,
  "real_oos_nq": 6,
  "real_wf_avg": -0.6081466287816122,
  "real_wf_n": 29,
  "shuf_is_avg_median": 1.0948656440028635,
  "shuf_is_avg_p95": 1.9613671940363666,
  "frac_shuf_is_ge_real": 0.004,
  "shuf_oos_avg_mean": -0.10324513076827836,
  "shuf_oos_avg_p95": 1.3694100090517747,
  "frac_shuf_oos_ge_real": 0.876,
  "shuf_wf_avg_mean": -0.008986393289267066,
  "shuf_wf_avg_p95": 0.863196282297003,
  "frac_shuf_wf_ge_real": 0.864,
  "frac_shuf_is_best_over_5": 0.0
 }
}

WF chosen (minT=10): ['L14_drop3d/3day', 'L14_drop3d/3day', 'L14_drop3d/3day', 'L14_drop3d/3day', 'L14_drop3d/3day', 'L14_drop3d/3day', 'L14_drop3d/3day', 'L14_drop3d/3day', 'L14_drop3d/3day', 'L14_drop3d/3day', 'L06_capit_vol/3day', 'L06_capit_vol/3day', 'L06_capit_vol/3day', 'L06_capit_vol/3day', 'L14_drop3d/3day', 'L17_early_strong/3day']

Variants with 22q avg > 5% and n>=10: Empty DataFrame
Columns: [setup, outcome, n, avg]
Index: []
Variants tried: 80
