        lag    volume    n   avg    tp     up   f14  n14    l8   n8  placebo_n  placebo_avg  res_minus_pl
0     5-10%  vol>=1.5   30  0.34  0.52  43.33  0.65   14  0.08   16       1409         0.43         -0.09
1     5-10%   1.0-1.5  109 -0.75 -0.51  48.62 -1.25   57 -0.19   52       4538         0.28         -1.03
2     5-10%   vol<1.0  346 -0.10 -0.24  46.53  0.16  190 -0.41  156      12974         0.20         -0.30
3    10-15%  vol>=1.5   17  2.34  1.81  82.35  1.42    9  3.38    8        739         0.81          1.53
4    10-15%   1.0-1.5   36  1.52  1.71  50.00  0.85   26  3.28   10       1508         0.50          1.02
5    10-15%   vol<1.0   90 -0.67 -0.49  44.44 -0.63   51 -0.72   39       3423         0.28         -0.95
6      >15%  vol>=1.5   16  3.77  3.13  75.00  4.21    9  3.20    7        457         1.18          2.59
7      >15%   1.0-1.5   16  1.64  2.50  62.50  1.63    7  1.65    9        582         0.52          1.12
8      >15%   vol<1.0   19  1.06  1.26  57.89  1.88   13 -0.73    6       1025         0.40          0.66
9   all >5%  vol>=1.5   63  1.75  1.53  61.90  1.87   32  1.64   31       2605         0.67          1.08
10  all >5%   1.0-1.5  161 -0.00  0.28  50.31 -0.42   90  0.53   71       6628         0.35         -0.35
11  all >5%   vol<1.0  455 -0.16 -0.23  46.59  0.09  254 -0.48  201      17422         0.23         -0.39
