n bouncers (>+3%) 175 n fallers (<-3%) 176 of 679
                   feature  rho_all  rho_f14  rho_l8  bot3_all_pct  top3_all_pct  top_minus_bot_f14_pct  top_minus_bot_l8_pct  median_bouncers  median_fallers
75                  sec_3d   -0.104   -0.152  -0.040         0.669        -0.062                 -1.202                -0.085           -0.004           0.000
70                nifty_3d   -0.103   -0.201   0.017         0.686        -0.534                 -2.147                -0.161           -0.002           0.000
3                      r6m   -0.102   -0.076  -0.134         0.563        -0.473                 -0.713                -1.736           -0.028           0.019
16                nifty_1w   -0.097   -0.251   0.097         0.404        -0.610                 -2.872                 1.470           -0.003           0.003
13               sector_1w   -0.096   -0.196   0.044         0.884        -0.443                 -2.368                 0.088           -0.005           0.000
77                dist_20h   -0.096   -0.130  -0.048         0.645        -0.379                 -1.736                -0.169           -0.099          -0.083
9                  vs_ma50   -0.093   -0.125  -0.053         0.727        -0.569                 -1.808                -0.773           -0.064          -0.055
10                vs_ma200   -0.090   -0.078  -0.102         0.547        -0.048                 -0.759                -0.626           -0.030          -0.015
64                    r20d   -0.089   -0.118  -0.052         0.547        -0.411                 -1.462                -0.404           -0.077          -0.073
67                    gap5   -0.088   -0.093  -0.082         0.759        -0.392                 -1.656                -0.632            0.005           0.008
78                dist_20l   -0.085   -0.116  -0.048         0.574        -0.190                 -1.163                -0.196            0.010           0.016
84                     z20   -0.085   -0.096  -0.081         0.408        -0.266                 -0.723                -0.645           -0.901          -0.814
62                     r3d   -0.082   -0.093  -0.066         0.455        -0.321                 -0.835                -0.686           -0.016          -0.012
58                      d0   -0.081   -0.086  -0.077         0.742        -0.277                 -1.113                -0.899           -0.006          -0.005
79                dist_60h   -0.081   -0.125  -0.035         0.712        -0.260                 -1.687                -0.164           -0.146          -0.133
0                      r1w   -0.077   -0.157   0.018         0.351        -0.269                 -1.671                 0.607           -0.019          -0.013
87                    pre5   -0.077   -0.157   0.018         0.351        -0.269                 -1.671                 0.607           -0.019          -0.013
56       sec_from_52w_high   -0.077   -0.125  -0.024         0.326        -0.250                 -1.155                 0.238           -0.081          -0.070
60                      d2   -0.072   -0.086  -0.054         0.408        -0.340                 -1.053                -0.373           -0.005          -0.002
74                  sec_d0   -0.070   -0.107  -0.024         0.416        -0.521                 -1.335                -0.401           -0.002           0.000
2                      r3m   -0.070   -0.037  -0.106         0.544         0.167                 -0.255                -0.820           -0.066          -0.037
65                    gap0   -0.069   -0.042  -0.097         0.506        -0.326                 -0.903                -0.831            0.001           0.002
19             vs_nifty_1m   -0.067   -0.025  -0.116         0.624         0.026                 -0.061                -1.301           -0.080          -0.078
83                      z5   -0.066   -0.136   0.016         0.212        -0.214                 -1.359                 0.616           -0.476          -0.315
38                     roe   -0.065   -0.006  -0.081         0.397        -0.389                 -1.128                -0.654            0.151           0.175
71                  exn_d0   -0.064   -0.036  -0.096         0.418        -0.236                 -0.458                -0.904           -0.008          -0.007
63                    r10d   -0.062   -0.103  -0.008         0.324        -0.028                 -0.641                -0.059           -0.043          -0.037
55           sec_vs_200dma   -0.061   -0.076  -0.035         0.349        -0.117                 -0.826                 0.154            0.026           0.040
23             vs_nifty_3m   -0.060   -0.005  -0.124         0.649         0.094                  0.448                -1.726           -0.066          -0.055
1                      r1m   -0.059   -0.095  -0.008         0.344        -0.238                 -1.268                 0.029           -0.076          -0.079
7            from_52w_high   -0.058   -0.083  -0.041         0.310        -0.119                 -0.609                 0.016           -0.199          -0.179
92             pre5_vs_own   -0.055   -0.114   0.012         0.223        -0.292                 -1.538                 0.555           -0.023          -0.015
21               sector_3m   -0.054   -0.067  -0.024         0.391        -0.152                 -1.075                 0.158            0.001           0.017
17               sector_1m   -0.054   -0.060  -0.056         0.450        -0.196                 -0.982                -0.324           -0.013          -0.009
66                  intra0   -0.051   -0.068  -0.033         0.369        -0.150                 -0.664                -0.324           -0.007          -0.008
68                  intra5   -0.050   -0.110   0.024         0.398         0.063                 -1.023                 0.601           -0.024          -0.023
88                 own_dm1   -0.049   -0.073  -0.021         0.329        -0.632                 -1.045                -0.855            0.001           0.002
54            sec_vs_50dma   -0.049   -0.087  -0.011         0.453         0.068                 -1.022                 0.608           -0.006          -0.006
44          iv_vs_realised   -0.049   -0.143   0.085         0.124        -0.577                 -1.908                 0.914            1.176           1.193
53             sec_rank_3m   -0.046   -0.063  -0.003         0.696        -0.214                 -0.737                -1.551            0.421           0.421
46       peers_reported_3d   -0.046   -0.043  -0.047         0.406         0.050                 -0.722                 0.067           -0.010          -0.007
15             vs_nifty_1w   -0.045   -0.040  -0.044         0.152        -0.077                 -0.311                -0.117           -0.021          -0.021
72                  exn_3d   -0.045    0.006  -0.102         0.126        -0.210                 -0.054                -0.662           -0.014          -0.013
8             from_52w_low   -0.045   -0.022  -0.066         0.584         0.410                  0.113                -0.853            0.224           0.271
42     days_since_dividend   -0.045   -0.050  -0.039         0.408         0.090                 -0.171                -0.477          146.000         163.000
85                    up10   -0.041   -0.074   0.000         0.253        -0.229                 -0.734                -0.165            0.400           0.400
51         sec_vs_nifty_3m   -0.037   -0.042  -0.011         0.519        -0.117                 -0.583                -0.998           -0.007          -0.003
73                 exn_10d   -0.036   -0.021  -0.051         0.226        -0.031                 -0.063                -0.528           -0.039          -0.040
49         sec_vs_nifty_1w   -0.035   -0.015  -0.049         0.521         0.005                  0.073                -1.511           -0.006          -0.003
86                  streak   -0.034   -0.041  -0.027         0.001        -0.241                 -0.487                 0.105           -1.000          -1.000
50         sec_vs_nifty_1m   -0.034    0.017  -0.093         0.180         0.071                  0.464                -1.056           -0.019          -0.018
61                     r2d   -0.032   -0.025  -0.041         0.203         0.044                 -0.130                -0.182           -0.009          -0.010
35         prev_net_margin   -0.030   -0.022  -0.045         0.275        -0.078                 -0.352                -0.314            0.118           0.122
69                nifty_d0   -0.030   -0.105   0.059         0.148        -0.191                 -1.238                 0.709           -0.000           0.001
27               prev2_sum   -0.030    0.005  -0.065         0.005        -0.223                  0.302                -0.776            0.005           0.004
76                  exs_3d   -0.029    0.010  -0.071         0.105        -0.271                 -0.257                -0.604           -0.012          -0.010
34         sales_rising_4q   -0.027   -0.007  -0.053         0.244         0.054                 -0.068                -0.348            0.000           0.000
14            vs_sector_1w   -0.027   -0.019  -0.029         0.085        -0.196                 -0.384                -0.172           -0.015          -0.015
6                      r5y   -0.025   -0.007  -0.033         0.216        -0.117                 -0.482                -0.056            1.364           1.753
31            prev_pat_yoy   -0.024   -0.016  -0.028         0.142         0.274                  0.200                 0.315            0.133           0.202
30            prev1_next20   -0.022   -0.019  -0.021         0.347        -0.005                 -0.195                -0.697            0.005           0.007
22            vs_sector_3m   -0.019    0.017  -0.061        -0.030         0.016                  0.598                -0.670           -0.053          -0.057
48        season_so_far_3d   -0.016   -0.071   0.061         0.502         0.316                 -0.965                 0.804           -0.000           0.000
4                      r1y   -0.014   -0.001  -0.019        -0.011        -0.006                  0.249                -0.688            0.099           0.097
91               own_abs3d   -0.014   -0.004  -0.029         0.119        -0.160                 -0.196                -0.434            0.040           0.040
57         sec_reported_3d   -0.013   -0.061   0.063         0.553         0.709                 -0.256                 0.606           -0.002          -0.007
32          prev_sales_yoy   -0.013    0.019  -0.045         0.034         0.047                  0.489                -1.012            0.147           0.153
20                nifty_1m   -0.012   -0.103   0.070         0.099        -0.196                 -1.230                 1.072            0.011           0.005
24                nifty_3m   -0.012   -0.056   0.051         0.010        -0.142                 -0.617                -0.638            0.015           0.005
43                   iv_t5   -0.011    0.001  -0.027        -0.140         0.286                  0.829                -0.090            0.362           0.362
5                      r3y   -0.008    0.012  -0.035         0.154         0.105                  0.058                -0.137            0.724           0.914
37                      pb   -0.006    0.108  -0.049        -0.008         0.036                  0.240                -0.024            6.300           6.971
18            vs_sector_1m   -0.006   -0.023   0.012         0.011         0.107                 -0.250                 0.537           -0.069          -0.070
47        peers_reported_n   -0.004    0.019  -0.034         0.169        -0.125                  0.003                -0.673            1.000           2.000
52             sec_rank_1m   -0.003    0.073  -0.086         0.306         0.154                  0.860                -1.468            0.316           0.316
41                log_mcap    0.004   -0.011   0.034         0.502         0.029                 -0.335                -0.432           11.162          11.159
39             debt_equity    0.005   -0.027   0.018        -0.037         0.063                  0.072                 0.007            0.171           0.155
33        profit_rising_4q    0.005    0.039  -0.031         0.075         0.054                  0.040                -0.096            0.000           0.000
26                prev1_3d    0.009    0.075  -0.068        -0.044         0.035                  0.860                -0.805            0.005          -0.005
90                 own_dp1    0.013    0.020   0.005        -0.181        -0.150                 -0.112                 0.380            0.001          -0.000
25               india_vix    0.016   -0.013   0.042         0.026         0.531                  0.135                 1.280           15.220          14.660
36                      pe    0.017    0.061  -0.021        -0.037         0.241                  1.121                -0.428           43.555          44.246
40             pe_vs_peers    0.019    0.037   0.011        -0.078        -0.059                  0.662                -0.561            0.014           0.076
94                cal_days    0.022    0.081  -0.055        -0.046         0.243                  1.103                -0.783            2.000           2.000
80                 vol5_60    0.022    0.018   0.026        -0.404         0.356                  0.545                 1.038            0.751           0.764
28             past_avg_3d    0.023    0.056  -0.012        -0.210        -0.052                  0.329                 0.134            0.000           0.001
95                      fq    0.026    0.004   0.048        -0.091         0.206                  0.270                 0.362            3.000           3.000
89                  own_rd    0.028    0.087  -0.045        -0.497         0.103                  1.462                -0.606           -0.001          -0.001
59                      d1    0.028    0.055   0.005        -0.166         0.217                  0.387                 0.410           -0.004          -0.005
93                 n_prior    0.035    0.040   0.109         0.215         0.069                 -0.086                   NaN           13.000          12.000
29             past_pct_up    0.036    0.046   0.020        -0.455         0.377                  0.619                 1.208            0.500           0.500
11                   vol60    0.045    0.104  -0.042        -0.484         0.420                  1.848                -0.337            0.311           0.302
45  days_after_quarter_end    0.057    0.114  -0.005        -0.579         0.050                  0.873                 0.236           31.000          29.500
82                 maxabs5    0.059    0.100   0.023        -0.222         0.377                  1.205                -0.156            0.029           0.027
81                vol20_60    0.060   -0.006   0.141        -0.243         0.396                 -0.008                 1.596            0.947           0.934
12        volume_5d_vs_60d    0.074    0.037   0.119        -0.137         0.487                 -0.111                 1.500            0.915           0.847
features whose first-14 tercile direction holds in last 8: 50 of 96
of features with |top-bot| >= 1.5% in first 14 (12), direction holds in last 8: 5
corr of rho_f14 with rho_l8 across features: -0.148
up3 held-out (last 8) AUC: RF 0.550  GBM 0.543
up0 held-out (last 8) AUC: RF 0.523  GBM 0.508
up3 top 15 by RF impurity (fit on first 14):
   target           feature  rf_impurity  rf_perm_auc_drop_last8  gbm_perm_auc_drop_last8  rf_auc_last8  gbm_auc_last8  rho_all  rho_f14  rho_l8
9     up3              gap5       0.0353                  0.0102                   0.0060        0.5501         0.5429  -0.0878  -0.0932 -0.0817
81    up3                pe       0.0334                  0.0112                   0.0142        0.5501         0.5429   0.0170   0.0613 -0.0210
6     up3           vs_ma50       0.0309                 -0.0001                   0.0024        0.5501         0.5429  -0.0927  -0.1254 -0.0529
1     up3          nifty_3d       0.0284                 -0.0005                  -0.0002        0.5501         0.5429  -0.1027  -0.2009  0.0171
30    up3     from_52w_high       0.0250                  0.0071                   0.0038        0.5501         0.5429  -0.0583  -0.0826 -0.0410
72    up3      vs_sector_1m       0.0246                 -0.0007                   0.0003        0.5501         0.5429  -0.0057  -0.0234  0.0121
3     up3          nifty_1w       0.0240                 -0.0024                   0.0004        0.5501         0.5429  -0.0965  -0.2510  0.0973
7     up3          vs_ma200       0.0213                  0.0078                   0.0107        0.5501         0.5429  -0.0895  -0.0781 -0.1025
63    up3               r1y       0.0201                 -0.0035                  -0.0100        0.5501         0.5429  -0.0141  -0.0015 -0.0186
14    up3          dist_60h       0.0189                 -0.0022                   0.0045        0.5501         0.5429  -0.0807  -0.1252 -0.0350
35    up3            intra5       0.0178                 -0.0036                   0.0012        0.5501         0.5429  -0.0496  -0.1104  0.0238
78    up3          prev1_3d       0.0175                  0.0025                   0.0081        0.5501         0.5429   0.0087   0.0752 -0.0682
5     up3          dist_20h       0.0175                 -0.0038                  -0.0041        0.5501         0.5429  -0.0957  -0.1300 -0.0477
62    up3  season_so_far_3d       0.0173                 -0.0107                  -0.0026        0.5501         0.5429  -0.0162  -0.0709  0.0615
15    up3               r1w       0.0156                 -0.0017                   0.0012        0.5501         0.5429  -0.0774  -0.1569  0.0181
up3 top 10 by RF permutation AUC drop on last 8:
   target          feature  rf_impurity  rf_perm_auc_drop_last8  gbm_perm_auc_drop_last8  rf_auc_last8  gbm_auc_last8  rho_all  rho_f14  rho_l8
81    up3               pe       0.0334                  0.0112                   0.0142        0.5501         0.5429   0.0170   0.0613 -0.0210
9     up3             gap5       0.0353                  0.0102                   0.0060        0.5501         0.5429  -0.0878  -0.0932 -0.0817
7     up3         vs_ma200       0.0213                  0.0078                   0.0107        0.5501         0.5429  -0.0895  -0.0781 -0.1025
30    up3    from_52w_high       0.0250                  0.0071                   0.0038        0.5501         0.5429  -0.0583  -0.0826 -0.0410
21    up3             gap0       0.0118                  0.0045                   0.0049        0.5501         0.5429  -0.0693  -0.0418 -0.0967
65    up3  sec_reported_3d       0.0135                  0.0038                   0.0089        0.5501         0.5429  -0.0130  -0.0608  0.0628
46    up3  sec_vs_nifty_3m       0.0080                  0.0033                   0.0035        0.5501         0.5429  -0.0375  -0.0420 -0.0108
78    up3         prev1_3d       0.0175                  0.0025                   0.0081        0.5501         0.5429   0.0087   0.0752 -0.0682
25    up3           exn_d0       0.0126                  0.0022                   0.0012        0.5501         0.5429  -0.0637  -0.0360 -0.0964
67    up3         nifty_1m       0.0072                  0.0022                   0.0047        0.5501         0.5429  -0.0123  -0.1025  0.0701
up0 top 15 by RF impurity (fit on first 14):
