0 23 17 2.5
1 22 8 4.5
2 26 11 6.5
3 27 184 9.2
4 24 103 11.2
5 28 18 13.5
6 24 27 15.9
7 21 2 17.9
8 24 13 20.3
9 21 3 21.6
10 25 83 23.5
11 21 3 25.3
12 20 3 27.8
13 22 11 29.6
14 20 1 31.7
15 23 10 33.1
16 20 2 34.6
17 22 12 36.3
18 27 53 39.1
19 25 11 40.6
20 24 19 42.7
21 22 8 44.4
22 21 7 47.1
23 21 7 49.1
24 29 241 51.8
25 21 6 53.4
26 23 235 55.5
27 23 26 57.5
28 22 7 59.8
29 27 36 61.8
30 26 14 64.4
31 23 32 66.1
32 26 701 68.7
33 24 52 70.6
34 23 46 73.0
35 25 47 74.8
36 23 9 77.3
37 20 3 78.6
38 27 110 80.6
39 23 12 82.0
40 22 10 83.5
41 22 12 85.5
42 24 25 87.9
43 27 26 89.8
44 25 99 92.2
45 23 35 94.0
46 21 1 96.2
47 22 19 97.8
48 24 13 100.3
49 20 4 101.8
50 22 10 103.9
51 23 71 106.2
52 21 10 108.1
53 26 34 110.5
54 21 1 112.1
55 21 21 114.4
56 21 10 116.3
57 20 5 118.5
58 23 61 121.3
59 25 117 123.5
