conditions (2355, 3278)
REAL {"count100_m10": 39741, "count100_m15": 2925, "count100_m20": 161, "largest": 25, "n_tied_largest": 1, "largest_oos_n": 33, "largest_oos_wr": 69.6969696969697, "largest_oos_avg": 0.793087997100296, "all100_m10_oos_mean_wr": 46.26222142687607, "all100_m10_oos_pooled_wr": 46.9021960256221, "all100_m10_oos_mean_avg": -0.18789694292993642, "all100_m10_oos_frac_wr_ge_69.7": 8.368999123395039, "all100_m20_oos_mean_wr": 38.4625308320585, "all100_m20_oos_pooled_wr": 41.61690399632521, "all100_m20_oos_mean_avg": -0.4361644639883519, "all100_m20_oos_frac_wr_ge_69.7": 4.968944099378882, "rules_evaluated": 7419125, "largest_rule": "LONG: days_since_dividend >= 154 AND gap5 <= -0.01678 AND own_dm1 <= 0.003908"} 3.9
null 0 23 22 9.0
null 1 21 22 14.4
null 2 24 22 19.6
null 3 21 19 25.7
null 4 19 23 32.1
null 5 20 18 39.3
null 6 22 24 44.8
null 7 22 22 53.5
null 8 24 24 64.7
null 9 23 25 75.1
null 10 22 22 88.9
null 11 25 22 105.2
null 12 24 24 121.0
null 13 20 20 134.3
null 14 19 24 146.3
null 15 22 27 159.6
null 16 22 23 170.5
null 17 22 21 183.4
null 18 23 24 194.3
null 19 20 23 204.3
null 20 22 20 215.5
null 21 24 21 228.5
null 22 22 26 241.0
null 23 23 22 251.4
null 24 23 29 264.1
null 25 21 23 274.7
null 26 23 23 284.2
null 27 23 24 292.6
null 28 25 22 301.6
null 29 25 21 310.4
null 30 21 24 319.5
null 31 21 29 327.9
null 32 20 20 336.4
null 33 22 21 344.9
null 34 18 22 353.5
null 35 21 23 362.0
null 36 20 20 369.9
null 37 19 26 380.1
null 38 20 22 387.8
null 39 24 24 396.5
null 40 21 25 404.6
null 41 19 24 413.7
null 42 21 23 422.7
null 43 20 22 430.6
null 44 19 25 440.2
null 45 24 27 448.2
null 46 20 24 457.0
null 47 22 21 465.3
null 48 21 22 470.8
null 49 23 29 476.6
null 50 22 25 481.9
null 51 19 21 487.5
null 52 19 22 493.2
null 53 28 26 498.4
null 54 23 23 504.0
null 55 23 22 509.2
null 56 22 24 514.8
null 57 20 29 520.2
null 58 31 21 525.3
null 59 22 24 530.7
null 60 21 21 536.3
null 61 20 27 542.2
null 62 22 23 547.5
null 63 22 22 553.1
null 64 21 21 558.6
null 65 22 19 563.9
null 66 25 29 569.4
null 67 23 22 574.8
null 68 23 23 580.2
null 69 24 23 585.6
null 70 24 22 590.9
null 71 22 22 596.3
null 72 21 24 601.7
null 73 21 26 607.1
null 74 21 25 612.6
null 75 22 24 618.2
null 76 20 20 623.4
null 77 19 20 628.6
null 78 21 24 634.0
null 79 21 25 639.2
null 80 20 26 644.3
null 81 22 21 649.6
null 82 20 22 654.9
null 83 20 21 659.9
null 84 20 29 665.6
null 85 24 24 671.2
null 86 19 22 676.3
null 87 19 20 681.1
null 88 22 27 686.2
null 89 28 22 691.4
null 90 22 22 697.0
null 91 23 21 702.1
null 92 21 25 707.6
null 93 19 23 713.0
null 94 23 26 718.1
null 95 21 20 723.2
null 96 25 29 728.5
null 97 23 24 733.4
null 98 21 23 738.2
null 99 21 23 743.5
done 743.5
